42
40
44
85
49
37
42
39
43
39
43
52
50
43
39
46
41
40
48
40
41
39
40
46
39
42
41
45
48
51
41
57
47
206
47
99
48
40
41
145
39
42
46
45
40
41
89
42
40
48
47
43
43
42
92
51
82
44
45
44
86
40
136
42
41
39
37
42
40
38
41
37
40
46
43
39
100
45
131
41
43
37
40
41
49
47
38
38
42
38
44
42
54
49
119
38
37
42
47
39
43
37
42
125
36
44
37
37
38
40
96
44
146
37
88
40
79
54
37
89
38
79
42
39
38
44
38
38
43
75
38
54
126
40
51
44
127
92
128
46
39
38
42
37
43
43
47
41
42
40
40
38
92
46
38
40
37
44
43
39
84
38
40
43
77
49
47
83
49
41
38
40
39
51
51
41
41
40
80
45
44
44
38
38
243
43
41
44
55
42
86
43
39
41
40
42
46
51
37
44
40
41
39
83
39
42
49
44
37
45
49
39
40
79
38
40
41
46
44
41
37
40
123
113
84
41
100
40
44
75
49
39
82
40
80
48
42
41
49
78
41
40
62
52
46
39
41
55
48
46
36
51
39
40
38
40
40
40
48
47
40
39
86
84
49
46
60
123
38
38
38
98
40
41
38
40
38
51
41
40
65
76
40
40
40
48
41
154
44
52
45
39
41
40
42
39
53
84
40
82
38
37
50
38
41
40
38
42
39
55
49
44
41
82
43
45
82
46
40
39
41
46
64
46
45
41
41
45
42
47
41
88
39
82
46
41
159
39
103
40
40
78
41
48
39
49
44
77
38
44
39
47
40
42
41
43
44
42
48
42
119
40
40
90
78
79
52
41
38
89
42
40
39
46
130
40
41
41
80
52
41
43
39
41
46
93
50
42
42
41
40
41
48
49
41
48
138
40
45
51
82
40
38
46
84
43
41
39
41
39
43
43
53
43
42
48
41
82
50
41
41
53
39
46
42
53
44
40
42
41
47
40
41
53
39
41
40
41
45
39
63
42
41
54
49
42
42
46
41
44
43
41
46
38
40
41
58
90
115
41
39
48
40
91
85
43
54
44
76
78
43
51
42
39
40
65
48
93
48
38
39
53
121
48
40
37
40
89
39
52
38
41
38
39
41
89
41
37
38
43
83
86
47
39
40
48
39
38
101
45
37
40
39
43
45
41
107
127
82
40
40
41
37
40
39
46
47
40
79
74
44
49
38
80
39
38
37
38
46
38
38
40
38
37
52
38
40
78
83
45
39
39
41
58
42
39
84
40
44
36
39
45
121
81
41
39
78
46
41
39
48
99
48
46
42
40
41
40
41
44
79
39
38
83
38
40
43
40
40
79
39
55
81
40
39
45
39
39
44
37
44
129
46
88
39
41
84
49
40
47
40
120
42
50
90
79
46
169
87
44
40
41
42
40
41
42
86
41
39
42
41
48
44
47
88
40
84
44
52
41
38
44
38
40
43
46
61
88
42
46
39
39
51
45
41
54
51
39
42
54
43
79
84
56
42
92
172
40
52
49
39
44
41
47
39
48
40
44
41
44
38
42
89
41
81
41
48
44
56
39
43
81
131
42
42
39
49
41
126
60
42
91
46
42
41
40
40
39
45
45
44
101
39
39
41
42
40
48
41
48
39
48
42
92
39
42
45
42
41
81
54
44
46
44
129
49
39
86
40
67
53
143
41
40
43
44
39
41
40
42
43
38
40
43
50
39
50
47
48
39
41
49
40
82
52
43
39
78
43
83
42
41
54
141
42
45
44
42
77
50
46
83
40
41
42
67
41
40
80
48
44
60
43
42
47
42
41
56
40
50
47
43
119
41
54
41
40
40
40
41
41
54
43
40
40
40
59
41
47
50
40
39
42
43
48
63
88
42
43
41
41
41
50
42
167
41
40
42
39
48
43
82
41
48
55
45
39
52
41
42
53
78
41
40
41
42
103
90
43
40
42
92
43
40
47
44
96
136
40
42
41
40
48
41
41
42
45
38
40
40
43
41
79
42
45
40
47
45
37
40
40
128
133
38
40
37
48
47
40
43
38
39
39
38
48
49
38
77
45
42
46
40
42
41
41
40
41
55
81
41
52
39
101
40
39
41
40
39
40
42
48
44
40
41
38
39
40
45
41
39
40
41
40
45
46
41
38
40
41
86
41
45
80
39
40
40
38
50
120
39
42
39
48
38
41
43
36
40
41
47
56
47
91
41
38
38
82
36
40
41
80
45
40
39
82
38
38
45
41
82
38
37
79
49
77
45
44
43
37
44
41
40
47
39
39
36
49
38
39
77
46
37
40
41
41
45
38
40
44
42
114
38
40
39
37
49
44
39
82
40
37
38
43
37
79
41
41
39
43
44
39
40
40
78
86
40
44
42
37
42
42
48
44
64
41
43
38
40
47
179
41
43
41
47
39
41
38
36
40
37
47
44
37
38
40
38
37
218
39
41
38
45
40
78
41
42
44
43
37
38
39
40
41
42
50
46
37
47
39
85
36
40
38
80
43
42
40
48
46
39
41
83
40
96
41
70
42
41
48
51
43
40
40
40
42
86
48
38
40
82
42
42
115
41
41
51
98
53
65
90
42
38
41
83
39
37
37
41
51
96
44
40
40
40
43
42
82
41
44
48
45
42
46
41
37
80
40
80
45
38
43
44
43
38
38
44
38
43
76
39
51
38
54
39
41
39
38
83
77
38
41
41
78
88
39
41
40
43
39
42
44
40
49
40
40
39
38
45
41
81
43
40
40
84
38
39
40
72
38
84
40
77
47
41
40
48
42
39
75
37
75
40
38
42
36
125
47
79
43
38
78
55
45
37
76
39
40
47
38
38
63
38
39
77
48
39
40
37
50
42
41
50
83
40
38
43
37
116
37
118
35
37
40
38
81
39
37
40
46
80
38
39
39
39
43
38
40
50
37
39
39
44
38
41
41
36
127
51
37
44
40
38
82
43
77
38
81
39
42
40
38
38
87
39
87
51
42
45
73
83
43
46
120
40
90
39
37
42
82
38
45
42
101
38
37
43
38
44
79
79
39
46
45
38
42
41
41
83
44
38
39
51
40
43
39
38
92
38
39
43
41
40
49
43
129
134
43
40
93
43
41
64
46
41
121
100
100
79
39
40
40
131
45
44
42
44
53
52
39
39
46
39
46
41
42
130
56
45
42
40
52
40
48
41
40
40
49
52
43
91
59
44
56
50
51
129
43
40
94
41
42
44
41
40
39
48
44
43
49
41
41
41
141
48
78
84
40
52
48
38
43
95
57
40
40
39
79
42
56
39
44
53
48
55
47
55
95
39
47
48
39
93
49
43
46
39
40
45
48
58
44
39
39
95
60
42
43
40
40
42
86
41
56
88
39
42
39
50
78
43
39
39
46
46
39
41
121
42
51
49
43
47
41
81
46
49
41
81
39
39
40
47
50
39
40
43
41
40
48
38
81
43
41
40
110
42
41
42
40
57
39
88
39
42
50
79
42
55
44
48
41
41
39
43
48
84
45
65
52
46
95
68
42
44
40
44
72
41
53
82
96
43
45
39
96
80
39
41
45
37
84
46
46
40
86
49
41
40
83
40
47
53
41
38
98
51
43
47
45
43
39
41
44
42
42
78
41
44
44
46
40
43
51
39
90
44
81
95
39
98
44
41
39
51
39
43
44
41
41
39
94
40
44
87
38
52
41
46
41
40
48
41
51
45
91
80
40
41
87
39
38
38
46
94
124
51
52
39
87
51
43
45
44
40
41
44
44
39
40
41
41
43
41
39
48
43
40
41
59
52
48
130
45
40
42
48
42
49
42
44
39
46
45
50
44
50
39
41
41
50
44
47
50
43
80
41
49
50
191
41
43
40
38
44
47
41
40
41
74
42
50
45
44
40
71
44
101
48
42
42
39
42
39
49
55
84
42
40
41
45
48
39
63
39
41
53
40
61
41
40
40
40
42
89
47
47
42
40
39
43
42
46
48
41
69
43
39
40
93
43
49
43
79
49
38
50
52
41
45
46
47
45
37
82
50
55
39
49
41
42
38
41
39
42
52
39
52
44
77
41
45
43
47
39
47
178
40
38
40
38
39
38
44
79
45
77
37
45
39
43
45
45
39
39
38
82
47
45
51
41
38
41
39
44
48
38
41
78
39
39
57
42
40
38
36
40
40
44
44
39
39
37
41
51
45
37
39
39
81
40
48
54
40
47
38
40
137
37
46
81
77
43
49
50
80
41
40
64
44
73
45
38
47
42
49
42
47
84
133
41
77
84
38
41
37
52
39
40
37
50
42
66
40
40
38
78
40
45
38
38
39
45
44
38
45
85
45
38
42
80
50
50
139
45
41
46
39
102
39
48
41
49
50
42
38
41
44
39
48
41
49
39
36
42
41
39
61
45
45
41
37
39
38
55
38
55
40
39
79
45
39
40
129
71
41
43
51
46
37
40
39
42
87
86
79
42
42
39
40
42
38
38
38
46
46
39
40
47
99
127
39
38
38
46
37
120
41
38
39
38
44
38
38
122
40
78
44
39
42
44
38
38
48
48
50
40
43
39
40
42
47
39
41
44
68
43
41
46
39
42
45
38
43
57
39
48
41
39
80
44
40
45
87
39
63
41
39
45
41
40
38
43
42
47
58
88
42
40
42
37
51
57
80
38
48
42
128
38
54
44
48
57
40
83
38
42
42
44
47
50
37
61
54
38
85
54
47
41
44
39
38
43
47
39
37
40
47
47
40
134
38
40
43
44
40
49
43
56
41
96
40
53
41
40
42
41
135
49
40
43
43
44
70
97
40
41
47
77
41
47
48
39
58
44
45
188
41
39
48
39
38
114
40
49
50
41
43
45
49
40
39
40
42
50
42
49
51
40
82
41
78
43
94
39
40
130
43
43
39
37
43
41
66
40
48
41
37
39
55
48
48
120
42
39
38
53
75
79
37
40
82
49
45
48
81
88
38
61
44
45
37
40
39
43
117
86
45
39
38
38
53
75
46
43
44
39
37
40
37
53
37
85
72
44
39
85
39
36
38
41
39
38
43
42
44
41
55
42
38
49
40
39
38
52
38
36
131
38
35
38
76
49
40
37
41
39
84
44
40
41
37
47
38
45
48
39
41
42
43
43
51
41
49
40
41
61
38
39
37
46
88
49
41
39
42
48
39
48
40
42
45
38
41
40
42
42
42
39
50
40
46
39
38
42
39
58
49
46
39
39
42
43
47
38
64
39
43
43
42
38
40
38
48
40
41
41
38
43
39
48
82
40
42
79
51
39
40
39
44
39
53
48
39
45
40
80
40
87
45
37
82
39
39
48
47
91
84
50
57
46
42
80
92
94
51
45
39
80
88
37
42
38
40
40
46
49
154
80
41
53
40
41
41
39
48
44
49
55
40
45
39
40
41
44
55
42
61
41
45
42
39
48
43
42
38
40
45
82
47
49
72
45
40
127
80
41
39
40
41
47
40
38
41
40
44
42
39
43
41
41
103
40
38
50
51
53
47
40
42
44
41
102
125
41
90
41
45
77
41
88
40
50
41
39
39
40
44
38
50
58
41
81
42
42
44
82
40
91
40
43
40
83
40
39
40
41
70
38
43
54
39
40
41
74
39
48
41
46
41
59
48
43
39
38
55
38
43
38
51
84
57
41
40
38
47
41
43
44
44
88
47
43
47
50
39
91
48
40
42
44
39
40
40
41
101
85
40
40
221
50
49
44
47
42
48
134
52
42
51
47
48
85
43
40
40
42
47
44
50
43
40
43
42
102
45
42
101
42
41
40
42
43
41
44
41
47
50
40
44
49
88
95
46
45
40
45
40
87
48
40
40
84
79
50
40
40
46
93
48
42
52
40
42
43
39
41
42
131
43
47
38
45
40
46
42
55
46
41
48
55
92
105
39
40
49
91
44
44
42
49
41
91
43
39
41
54
40
39
74
78
42
43
42
94
42
51
39
41
44
66
47
42
43
41
43
96
52
45
89
120
37
48
80
41
38
92
87
41
48
42
47
85
37
48
83
43
37
43
53
83
41
42
88
39
46
48
41
38
39
38
39
48
127
40
39
39
40
39
79
38
40
40
88
38
39
77
36
53
42
43
38
41
75
37
44
45
42
103
37
47
38
46
38
42
44
77
43
42
41
41
46
37
45
92
50
78
40
40
47
39
77
83
42
43
50
93
85
43
40
49
63
39
42
38
41
40
42
92
40
38
83
45
44
49
86
55
40
38
42
51
40
41
42
40
44
41
48
45
50
40
42
41
53
40
41
41
41
78
51
45
48
43
44
46
59
64
40
48
43
44
40
44
39
39
49
39
47
41
43
42
41
47
48
44
87
47
82
87
39
41
77
39
62
88
40
46
87
41
44
43
52
39
68
44
89
38
46
38
43
76
45
38
37
42
41
40
55
103
38
42
37
40
45
79
40
101
43
36
42
38
44
47
43
38
40
82
80
37
37
40
40
38
38
46
77
41
40
46
40
129
85
82
45
61
50
86
40
46
43
49
41
48
43
48
40
82
48
42
41
133
43
177
45
42
43
48
42
41
54
52
47
47
45
49
123
90
41
55
41
43
53
42
45
43
55
39
40
40
42
47
97
37
59
42
40
42
45
51
49
40
42
39
77
159
87
40
40
44
40
51
44
64
39
88
39
40
45
45
45
40
41
45
39
51
44
101
44
51
41
48
41
43
41
43
43
41
53
42
43
84
40
67
52
48
39
97
41
48
131
43
38
38
38
39
45
39
38
78
39
90
40
40
37
37
47
41
43
45
84
118
38
40
42
38
46
37
42
38
118
108
65
48
40
92
44
50
44
86
38
59
42
48
43
40
47
55
38
40
47
39
39
39
55
37
42
37
38
81
37
51
42
45
48
41
84
38
46
39
48
42
68
124
39
88
44
39
44
82
39
55
50
42
41
46
43
106
43
40
122
41
64
38
38
54
41
40
122
46
48
39
84
85
38
40
42
42
91
46
43
40
38
45
39
41
48
38
41
45
45
40
41
52
46
57
44
44
48
44
45
48
81
40
45
41
41
47
44
40
39
79
45
42
45
39
122
193
40
40
44
39
45
45
39
41
39
40
38
38
47
84
42
39
40
40
80
55
40
42
41
38
42
39
47
122
57
50
40
50
41
45
41
37
76
38
45
44
39
38
40
44
37
46
41
42
78
39
44
45
84
54
39
39
43
48
40
42
40
40
47
38
40
87
40
46
41
38
43
84
90
80
39
129
60
42
39
41
45
45
40
39
40
53
42
90
39
38
42
39
43
42
72
36
40
49
38
81
47
43
40
38
42
43
42
38
105
76
45
37
37
52
38
38
43
61
41
38
53
116
38
39
141
39
81
38
43
39
40
48
75
38
39
37
45
91
42
42
40
41
46
45
37
83
95
61
40
55
45
43
40
41
37
41
58
76
46
39
82
88
44
38
40
39
80
42
37
44
41
155
54
48
38
45
47
37
46
60
44
77
80
39
91
42
38
36
83
69
50
52
82
37
38
47
43
50
42
51
161
44
42
37
39
38
91
44
39
41
44
39
43
39
126
51
44
77
47
59
41
46
95
39
85
65
51
79
50
42
43
38
39
37
45
47
63
58
47
37
36
37
86
48
37
39
49
39
42
36
41
90
42
43
40
39
38
86
42
40
43
43
43
44
45
39
40
38
60
42
65
54
37
99
39
40
49
128
39
40
39
37
45
40
39
87
49
118
39
37
39
41
46
86
38
45
46
42
38
46
45
47
37
41
49
39
40
46
41
80
36
45
41
54
41
40
49
47
46
43
38
46
41
47
37
42
35
38
64
44
47
42
45
39
43
102
48
40
49
39
40
39
38
55
49
52
36
42
87
38
80
44
51
42
47
38
39
40
38
38
41
45
40
41
48
40
41
78
91
37
40
53
92
50
49
42
82
43
46
53
88
49
111
86
41
41
81
41
46
42
43
49
40
40
48
81
44
53
81
48
81
39
47
40
46
41
48
40
39
40
47
41
40
99
41
83
42
37
45
87
91
82
45
40
40
41
41
61
42
42
46
83
44
133
40
39
48
39
114
39
47
37
41
42
88
43
42
44
41
78
50
41
41
42
84
94
41
39
50
43
46
84
48
39
44
41
39
41
49
40
81
40
45
51
41
88
43
90
50
41
44
155
108
120
129
171
124
137
94
251
173
118
42
46
39
44
39
58
43
41
48
51
38
39
59
46
45
47
43
81
41
38
43
38
40
47
41
39
36
38
84
53
50
77
38
39
38
42
36
37
48
87
123
72
41
41
42
41
38
46
81
38
39
37
41
45
36
50
41
51
83
47
46
37
82
38
38
41
53
39
42
41
82
57
51
82
40
47
46
39
55
80
40
44
40
39
52
40
40
43
41
86
39
49
49
50
47
39
137
40
38
88
38
40
50
41
46
46
106
45
50
46
39
39
42
41
44
41
180
57
143
40
66
41
41
46
40
52
41
40
43
64
88
39
46
76
40
46
80
39
51
82
38
47
80
66
82
96
41
38
91
40
43
45
42
89
93
40
41
47
49
40
41
48
40
124
39
39
47
41
41
46
41
80
93
84
53
40
94
50
39
82
78
37
44
39
39
43
39
43
38
53
42
46
84
52
41
43
52
50
94
40
50
40
51
52
41
41
81
44
60
88
55
49
39
67
49
49
80
44
40
134
47
40
42
41
82
39
91
40
50
41
79
44
41
52
86
39
40
41
57
42
44
39
55
43
43
47
42
42
42
42
41
92
41
58
43
51
45
85
65
49
47
43
59
42
42
51
41
47
42
38
40
93
38
38
38
82
41
45
37
40
45
38
37
81
55
43
51
40
40
39
40
53
67
44
42
87
41
45
41
59
46
78
40
40
45
119
86
44
47
48
45
39
39
46
40
46
51
40
38
40
39
93
41
79
40
39
76
50
39
42
39
39
41
46
56
46
42
40
41
52
89
38
40
42
37
45
44
54
64
39
39
44
37
38
40
127
43
41
96
87
40
40
49
44
38
170
44
83
41
45
40
106
49
38
54
97
58
108
46
118
37
73
41
45
40
42
43
45
40
40
41
41
42
40
47
41
45
40
42
40
45
45
39
40
39
114
46
44
76
40
41
78
54
134
47
44
40
76
39
38
166
39
44
45
40
88
40
44
51
44
35
89
51
40
78
40
88
83
69
39
40
40
55
40
39
43
40
42
40
40
78
38
39
45
85
47
42
99
42
43
42
50
79
41
39
76
64
38
100
39
41
38
45
50
41
50
43
38
79
86
83
39
44
83
47
45
39
39
45
43
42
43
41
42
38
79
41
49
43
40
43
40
81
39
47
80
83
45
134
40
39
40
42
40
50
50
120
82
95
47
57
47
41
96
45
51
40
45
42
44
41
47
39
39
39
41
42
40
52
46
56
47
39
82
40
46
103
44
46
41
37
42
47
44
42
44
86
42
42
45
43
39
86
83
94
40
39
39
48
43
48
37
37
42
77
41
78
41
83
40
78
131
38
44
80
45
40
37
41
39
107
43
87
41
38
79
87
81
47
39
39
38
48
81
40
40
40
42
55
39
84
88
44
37
41
81
42
41
39
91
37
40
41
44
37
55
61
49
79
120
51
41
44
39
38
39
40
38
46
41
94
45
84
42
44
38
40
38
41
38
59
43
42
42
39
38
38
83
43
38
41
83
38
124
36
38
54
295
204
51
51
63
41
67
62
42
40
142
111
57
67
126
46
47
70
58
88
43
39
41
36
38
58
142
41
42
40
41
37
39
49
41
40
40
41
46
77
38
45
40
40
87
51
46
39
88
47
40
48
40
38
47
44
41
48
40
44
46
40
41
41
46
41
77
42
75
89
41
48
55
42
40
41
40
40
78
39
39
39
38
49
41
41
132
38
42
39
38
38
38
43
63
46
43
36
40
58
37
41
45
53
43
37
77
40
50
47
50
39
39
39
46
39
48
37
45
39
43
38
85
42
43
54
76
40
85
40
39
127
87
88
87
46
38
74
37
39
39
83
41
37
78
44
39
39
39
39
41
54
39
43
38
38
38
103
127
42
39
79
80
45
40
38
78
57
40
39
40
51
83
45
39
41
85
42
38
47
130
37
102
40
45
82
54
40
81
85
40
83
38
88
39
76
42
42
130
40
51
41
40
43
40
52
114
38
43
46
44
38
39
38
46
62
90
88
41
39
38
52
38
44
43
84
76
37
88
41
38
37
39
50
44
45
44
37
77
74
52
139
38
37
36
42
40
40
39
40
39
40
43
41
39
42
36
37
54
43
37
39
48
43
39
87
48
39
38
41
43
81
43
39
80
39
77
53
37
41
40
38
79
47
46
43
40
41
38
42
94
38
49
79
38
38
82
42
105
38
46
56
94
38
39
38
38
43
44
37
80
74
42
39
55
43
39
46
43
46
38
44
50
40
42
40
39
48
47
43
41
75
36
69
39
61
39
39
36
38
40
39
46
39
36
39
92
41
44
40
41
41
79
45
90
40
42
44
76
42
54
84
45
38
40
38
46
41
41
40
45
45
40
81
39
81
45
77
47
50
38
47
40
38
39
42
48
78
38
39
44
37
44
39
38
41
46
38
42
38
90
44
40
38
44
38
44
37
41
44
42
39
39
42
41
52
37
77
118
38
40
52
57
57
46
90
38
39
37
39
39
53
43
44
44
38
40
37
42
54
38
44
37
37
42
40
51
47
39
41
44
38
38
37
45
87
134
91
91
40
41
45
38
39
51
38
36
36
43
40
51
50
42
83
117
46
39
41
40
39
41
49
45
86
42
45
39
43
38
96
38
45
38
37
49
53
39
38
40
39
96
99
81
39
41
45
40
44
39
41
54
42
88
44
44
44
39
42
53
44
49
42
41
39
43
39
97
41
39
79
39
41
39
90
84
47
39
39
49
40
90
47
82
117
40
43
124
87
53
39
80
41
67
53
81
38
41
76
49
57
38
39
42
51
40
50
43
74
43
145
67
46
40
52
44
41
40
43
51
39
40
51
40
50
89
79
40
38
44
79
45
41
45
38
40
50
109
39
41
66
89
37
48
40
41
40
41
39
39
58
56
39
53
91
92
50
82
45
120
39
49
150
85
41
99
40
41
49
44
42
42
42
86
42
50
49
60
57
47
100
51
45
46
46
38
49
56
43
41
38
48
41
41
86
90
44
48
40
49
39
38
38
39
90
40
82
55
41
91
38
43
40
42
39
41
38
40
39
43
42
44
38
49
41
39
39
47
39
42
48
45
42
39
40
90
96
36
47
98
90
45
93
41
78
40
51
38
39
121
91
83
40
83
46
48
42
37
40
37
68
39
40
44
81
39
46
38
39
43
48
38
39
118
40
45
39
82
40
38
39
38
49
132
38
42
41
46
49
42
42
86
40
49
40
40
39
39
120
39
76
39
50
75
89
42
44
39
40
37
43
47
42
76
52
88
44
38
36
41
47
41
40
49
48
45
38
44
40
37
42
89
42
39
36
38
85
80
40
67
119
40
82
46
38
37
44
51
40
84
40
78
44
39
37
83
40
39
54
44
38
40
45
82
37
44
41
41
45
43
86
48
44
126
45
44
45
41
39
39
119
42
39
44
39
55
54
87
38
46
47
47
39
37
47
37
68
48
92
43
39
77
49
37
39
41
46
44
40
41
44
42
40
37
41
38
41
46
38
46
110
51
40
53
46
45
52
39
46
39
45
40
128
38
38
44
54
37
37
49
50
42
41
48
117
43
49
38
48
37
46
44
41
40
88
91
38
49
36
49
38
49
39
43
38
38
43
92
36
82
37
41
41
40
43
40
45
40
47
41
44
47
85
38
42
46
40
50
46
51
40
39
44
42
46
43
42
44
149
39
48
41
42
40
38
47
38
48
42
42
37
48
42
48
52
163
39
43
40
43
40
42
43
41
43
38
58
40
46
43
39
41
42
47
39
42
40
38
38
40
66
39
40
39
41
53
40
44
46
40
39
43
79
90
92
41
42
37
53
47
163
39
44
42
43
101
38
42
39
37
45
40
42
39
40
82
50
41
41
82
39
50
47
45
43
53
41
38
39
40
90
89
39
37
37
85
40
40
51
40
39
43
39
43
38
79
49
77
53
42
83
42
51
99
40
38
39
63
42
47
51
41
93
38
52
86
40
44
45
40
38
45
47
40
46
98
49
129
78
78
44
49
87
45
77
57
48
39
41
42
38
120
41
38
41
84
37
46
45
39
39
39
36
44
42
46
38
76
79
40
37
45
41
77
46
47
39
43
42
41
40
41
75
45
86
38
40
41
61
39
100
106
70
44
37
47
53
38
40
37
38
50
43
38
40
41
45
37
38
43
82
47
38
79
43
45
38
39
38
47
94
44
46
40
37
47
78
48
44
40
40
38
43
48
39
47
44
39
51
48
37
41
48
45
39
36
41
47
44
52
41
40
48
37
37
46
44
36
83
44
42
84
43
37
41
38
77
109
42
38
41
39
37
40
44
52
89
38
38
40
40
38
41
57
42
37
124
41
43
38
39
39
40
47
37
41
44
43
51
41
44
117
39
38
43
42
45
38
40
42
46
38
38
43
37
39
80
41
44
49
86
40
80
83
39
88
39
38
55
39
83
41
39
39
38
45
51
45
48
38
39
40
38
52
42
84
87
45
39
44
53
112
41
52
44
58
52
39
43
38
41
41
92
40
40
41
42
42
50
44
47
39
39
44
40
41
96
44
42
39
44
41
48
48
53
46
42
41
51
48
97
43
42
42
41
39
45
51
65
44
55
85
40
49
41
96
41
48
90
46
43
80
41
124
52
40
43
43
81
92
44
41
39
40
39
48
53
50
88
47
44
40
50
41
68
64
42
103
40
50
40
41
83
53
89
41
40
40
43
44
45
48
89
42
51
43
40
87
38
45
91
41
40
91
44
43
42
42
90
42
122
52
37
47
40
42
91
38
39
38
46
53
38
39
38
40
41
45
81
44
40
43
38
98
39
37
84
46
85
39
44
39
43
43
43
38
89
88
119
50
50
82
44
40
44
52
41
42
44
44
46
44
41
53
43
43
52
44
40
40
52
74
38
41
85
41
47
40
39
42
49
41
47
39
41
38
44
37
39
55
38
62
39
83
40
39
137
42
45
38
39
39
55
41
40
41
40
39
39
38
44
40
89
40
39
43
45
