44
49
81
45
40
42
44
119
79
39
40
96
43
43
39
41
39
90
40
42
42
40
44
42
91
100
52
97
86
40
43
40
39
141
42
43
45
123
46
126
39
42
45
41
82
41
39
41
55
132
40
46
46
41
38
87
82
82
42
50
41
87
40
44
80
48
42
40
40
125
90
81
40
46
41
93
41
84
39
80
37
207
47
51
45
39
39
46
43
43
46
42
84
38
137
41
37
40
40
38
39
89
42
159
38
41
45
86
80
40
81
47
39
39
41
40
40
126
39
40
39
39
85
48
39
43
70
43
82
84
82
41
86
47
41
39
40
41
43
41
39
49
39
42
40
39
42
41
45
42
80
39
83
55
39
79
157
54
42
64
145
161
331
142
82
83
89
82
39
49
37
94
39
41
41
39
65
116
166
92
52
122
140
49
63
47
67
188
37
37
90
39
81
77
39
38
38
39
39
41
41
41
44
38
43
40
37
39
174
57
44
42
42
51
46
43
42
137
47
42
97
99
44
40
45
53
85
44
87
42
56
98
40
131
44
46
43
41
42
81
93
86
41
42
44
43
51
125
45
43
39
48
43
41
85
42
44
42
50
42
43
82
84
52
127
81
40
54
43
83
84
82
39
41
42
42
41
42
38
48
39
39
38
38
40
40
45
40
39
40
120
84
39
40
42
43
38
41
46
40
77
120
80
76
101
43
125
38
41
37
88
81
41
40
75
80
49
38
38
40
38
77
84
42
77
44
39
122
40
39
79
85
38
40
40
38
38
39
48
40
40
40
38
41
86
39
80
43
44
39
38
118
39
39
44
46
49
114
40
38
37
44
76
41
39
39
40
48
41
40
39
44
82
39
44
80
41
42
130
39
39
38
78
40
48
40
87
39
38
41
39
37
44
40
41
43
82
48
37
39
39
42
40
37
88
39
38
38
39
42
46
117
66
186
49
38
40
202
80
43
39
77
46
120
37
83
38
39
40
40
37
41
39
260
42
41
51
78
47
178
45
81
40
132
86
36
115
39
40
44
40
40
38
78
42
83
78
39
42
40
38
41
40
40
38
168
42
87
40
41
38
47
159
42
40
47
230
37
51
123
40
44
40
51
41
38
43
40
38
41
46
39
134
42
57
79
41
42
127
40
101
79
82
89
81
39
41
40
40
46
80
80
41
128
40
127
45
39
88
41
82
40
40
49
118
126
40
41
164
86
46
39
42
41
39
42
41
45
43
41
45
82
39
46
43
40
40
38
39
42
40
49
40
42
38
39
78
86
85
82
90
40
41
39
40
41
42
130
40
45
40
49
43
47
48
50
41
198
110
40
40
83
41
47
44
41
38
79
39
38
89
39
39
80
71
49
107
79
124
41
39
81
40
80
39
84
39
40
80
47
82
40
40
41
41
48
39
77
38
40
41
48
39
78
40
68
41
41
47
80
80
169
38
43
42
77
92
79
41
84
42
42
38
83
38
40
44
48
122
39
39
128
41
41
43
79
47
42
45
42
55
40
40
40
94
42
65
39
40
40
126
87
40
41
50
114
39
39
40
41
40
153
39
39
121
50
60
41
43
43
45
86
42
39
124
38
87
84
47
42
43
140
42
53
90
47
95
42
39
41
42
138
42
79
164
121
96
100
40
47
84
84
50
41
124
42
45
93
42
40
41
123
50
82
43
48
42
93
108
103
40
42
91
45
82
41
406
45
41
41
41
78
45
125
38
115
48
39
42
39
39
41
39
39
49
100
85
49
38
50
38
39
40
38
42
85
80
82
77
40
40
41
157
39
50
40
41
210
78
37
37
39
85
78
76
37
41
39
45
38
38
82
37
39
46
74
38
46
39
41
49
41
79
40
40
39
39
83
78
39
85
47
42
90
40
38
120
46
39
39
40
45
38
85
89
140
39
48
39
80
37
41
39
48
39
40
41
121
46
41
39
40
39
41
41
128
45
40
43
126
40
41
40
82
41
48
40
37
39
40
45
41
95
79
38
80
43
47
39
79
46
41
42
50
43
41
40
92
42
52
82
86
39
45
43
40
39
82
44
45
112
71
44
40
77
41
48
41
39
40
42
38
40
48
41
39
39
38
76
83
40
38
39
40
40
41
48
39
79
80
86
44
39
79
81
39
78
78
38
39
40
46
75
45
40
42
40
47
49
42
81
123
41
78
120
39
47
38
38
41
40
122
82
39
79
40
43
37
192
41
38
38
40
78
39
41
37
48
81
41
41
46
41
45
38
42
79
40
39
45
38
44
41
40
38
41
42
49
39
119
164
38
80
165
78
43
38
76
42
37
77
84
38
45
82
39
37
40
37
44
41
39
39
75
38
51
37
42
47
39
41
39
40
129
43
37
40
196
40
118
50
39
39
40
118
39
41
37
40
39
90
38
44
92
41
41
79
94
38
82
65
38
45
42
80
38
39
37
40
92
39
85
40
83
41
43
39
84
40
89
47
40
88
40
82
57
78
49
43
40
47
62
39
38
81
41
44
44
163
54
175
40
85
89
82
43
38
44
121
40
47
38
41
41
37
39
40
44
39
79
39
37
39
335
45
39
38
112
50
39
45
36
58
83
80
47
41
48
39
76
41
39
83
41
118
161
40
119
47
40
40
42
78
80
37
124
39
40
42
44
40
40
42
77
39
49
39
47
81
79
45
79
41
38
41
38
39
47
37
79
38
40
40
42
165
39
38
48
37
39
37
39
41
39
77
82
52
50
84
87
37
40
37
38
123
121
101
84
38
50
79
80
40
83
49
40
41
40
41
81
50
40
83
41
41
102
165
59
94
41
41
43
90
55
43
101
86
40
46
39
40
41
80
42
49
42
41
40
44
40
39
89
41
39
124
95
108
88
41
41
39
39
46
40
42
41
39
39
206
91
96
41
40
41
40
39
43
164
41
91
40
41
78
149
205
102
83
43
40
85
41
39
40
41
39
149
126
76
68
41
41
50
39
39
47
40
53
143
44
51
144
258
38
40
40
126
42
39
41
42
40
128
172
80
91
41
211
53
49
41
87
57
112
89
42
41
40
63
88
86
43
37
38
82
82
55
103
41
48
47
37
37
42
40
77
46
40
39
83
38
43
49
96
66
107
40
88
38
40
39
40
125
42
38
38
38
39
38
46
57
64
52
80
78
80
77
45
38
40
49
42
38
41
40
80
55
74
69
41
42
38
38
47
40
38
76
39
80
43
37
38
47
39
105
117
83
36
38
39
47
88
37
42
43
197
40
51
60
84
45
40
40
37
39
119
38
76
42
40
85
38
43
40
76
106
85
46
41
38
39
38
131
83
119
40
53
207
80
40
39
41
41
81
40
42
42
37
45
112
101
93
82
93
40
41
42
81
43
48
40
167
41
91
41
40
45
166
44
41
39
43
38
43
49
42
82
39
198
77
119
83
50
42
39
41
42
41
41
47
38
40
42
43
40
40
46
42
42
43
40
40
82
87
39
43
39
90
52
83
41
41
81
48
118
40
47
41
81
40
42
80
92
91
38
46
39
49
91
126
41
46
42
54
40
83
81
40
42
51
80
91
42
92
83
169
44
38
49
83
40
37
82
40
81
39
80
37
46
47
76
37
83
38
48
79
39
37
37
45
128
42
120
40
86
40
44
42
80
46
38
42
77
80
47
38
40
119
38
35
54
43
44
78
41
38
48
38
42
117
40
45
40
38
41
40
39
38
51
117
39
43
38
41
48
74
79
38
39
39
48
38
96
39
40
83
43
41
40
39
41
45
40
82
37
40
79
91
39
40
41
41
42
40
47
118
44
38
38
45
36
39
40
78
44
89
53
71
40
38
39
128
40
40
38
39
39
98
38
42
123
40
40
37
78
40
77
51
39
41
84
38
38
48
37
39
43
77
41
46
42
39
38
41
41
41
41
45
37
40
122
39
58
38
122
40
37
45
77
41
42
37
38
36
77
37
81
38
40
47
42
82
38
38
42
45
40
38
39
129
43
42
187
56
39
87
42
40
82
37
100
128
42
40
38
48
39
40
39
38
42
43
38
41
88
39
43
39
86
38
43
40
38
42
37
46
41
80
79
47
47
69
43
39
167
47
78
83
38
92
42
80
40
85
47
78
38
42
80
39
43
43
38
42
79
45
45
43
84
84
217
131
52
165
43
42
170
42
43
45
89
123
38
39
41
127
41
39
81
47
42
45
82
41
40
44
48
41
88
68
101
39
50
84
42
43
44
42
47
79
39
43
41
42
47
46
40
80
54
38
39
52
43
42
118
46
46
40
42
39
39
41
43
40
93
42
38
75
39
81
43
43
43
46
299
38
50
40
42
39
37
40
38
85
38
38
37
91
41
85
76
40
79
48
49
39
41
70
39
39
41
38
85
98
70
39
40
48
42
77
38
38
85
79
38
37
40
38
44
122
42
41
41
41
125
122
42
43
56
66
62
52
52
70
115
204
91
39
46
40
41
120
125
83
85
39
45
38
41
86
40
44
47
43
39
39
79
38
44
45
36
38
38
38
40
37
46
41
40
37
49
41
42
46
38
123
41
80
40
40
119
47
40
51
40
122
39
39
48
41
39
47
39
40
39
52
172
42
40
147
91
87
39
48
48
142
80
39
93
38
94
44
127
39
41
41
42
42
40
47
42
39
41
38
40
40
49
42
52
49
121
47
77
39
79
39
40
87
83
37
41
89
121
40
129
43
80
39
40
42
85
38
80
42
41
38
47
41
42
39
80
41
94
82
78
41
45
75
40
41
41
45
42
44
38
51
63
42
80
44
202
38
44
122
40
38
39
39
39
40
78
43
42
41
84
38
38
39
126
78
39
49
120
39
42
38
38
38
38
81
39
39
44
40
76
89
40
76
41
125
39
42
175
40
42
39
47
38
41
39
50
41
39
44
39
84
46
38
43
39
124
133
38
40
85
41
162
45
40
176
38
79
41
38
45
81
40
89
42
39
39
42
49
40
127
89
40
85
39
42
48
50
43
42
130
69
104
97
87
133
43
41
41
42
42
50
40
85
48
167
40
79
41
43
38
42
39
39
39
39
41
133
40
92
88
49
99
47
99
91
122
41
147
48
43
39
39
41
38
41
48
47
39
43
68
44
42
50
138
38
40
43
40
42
40
80
85
39
47
40
58
103
39
39
53
38
172
41
50
39
38
40
44
44
41
90
38
39
41
45
172
86
96
41
50
42
38
44
43
40
44
39
86
43
44
39
40
39
50
49
40
81
40
42
49
38
78
83
39
93
45
43
40
41
42
88
125
41
82
60
42
171
214
46
86
39
40
39
40
78
79
89
41
84
40
43
48
41
118
40
93
42
41
39
39
85
42
58
39
43
45
41
41
38
48
78
44
40
39
88
38
44
81
43
56
85
40
41
39
40
39
41
89
118
39
42
38
42
135
40
42
81
52
42
82
41
40
126
41
80
40
42
40
48
42
44
41
42
40
38
138
40
42
82
39
38
40
81
176
40
81
86
41
48
43
42
82
41
39
50
41
41
45
41
41
130
89
39
38
132
42
41
57
77
39
41
87
40
41
40
40
41
83
79
39
40
39
39
50
41
83
80
39
49
41
43
40
83
42
48
43
43
37
132
88
120
80
92
43
40
80
84
85
39
39
41
38
83
42
84
40
82
43
50
41
42
41
124
47
41
42
38
44
133
41
44
40
81
38
39
88
40
82
40
43
48
80
43
42
126
41
39
126
42
121
85
40
41
40
87
48
41
39
77
96
39
41
81
39
90
43
43
129
162
47
128
90
43
80
39
39
40
45
83
80
39
39
80
38
42
41
44
95
47
82
43
44
40
133
39
41
38
39
128
83
41
41
81
51
48
38
42
41
39
45
45
44
41
42
40
129
40
80
84
39
39
39
39
40
82
39
47
125
40
54
40
39
45
44
39
40
39
43
48
46
58
120
83
41
87
40
40
39
40
39
90
41
81
41
41
51
42
40
40
41
40
41
38
40
38
40
38
37
37
40
44
42
38
164
59
116
39
43
41
47
113
39
37
37
38
93
38
38
81
44
53
40
123
41
88
172
82
89
43
45
82
42
172
44
39
41
41
189
41
44
41
40
130
39
39
42
83
49
44
45
42
133
190
45
40
42
48
83
83
39
39
41
42
39
84
40
40
92
44
57
83
42
40
42
48
43
40
42
122
52
83
38
41
44
38
51
51
45
122
46
93
81
82
42
41
49
41
85
37
39
81
41
40
113
78
45
77
37
80
40
46
38
40
79
82
45
38
39
79
41
39
40
43
39
42
158
45
38
83
37
136
37
42
44
42
80
38
40
86
97
76
42
45
40
41
37
43
78
45
40
78
38
45
40
84
39
37
41
40
42
41
46
41
39
41
39
123
38
79
39
38
38
43
114
37
41
38
39
39
37
40
41
83
37
47
39
43
39
80
37
129
42
82
39
48
38
39
79
42
40
41
163
36
39
55
51
40
38
47
77
42
82
39
40
44
40
49
84
40
41
82
48
43
48
39
39
162
46
39
79
86
44
87
84
40
40
41
92
96
39
43
80
50
44
38
39
41
85
46
40
76
199
49
42
40
123
85
85
47
41
42
41
38
40
42
46
40
69
39
57
39
81
46
41
40
42
39
39
41
131
47
38
44
42
39
88
40
41
41
39
39
47
42
43
47
41
39
78
120
45
40
41
89
84
43
43
132
41
81
41
38
90
77
38
80
39
40
45
49
43
38
70
90
96
47
41
38
62
53
40
83
41
41
155
38
80
40
40
40
40
43
125
87
78
48
41
44
41
43
39
41
49
39
40
40
77
41
131
40
39
39
39
133
41
39
80
43
51
40
39
39
41
124
86
120
41
39
92
120
127
39
41
43
80
88
82
39
42
42
84
46
41
41
40
43
43
38
51
44
40
80
131
84
40
133
41
126
40
43
44
148
44
44
43
86
49
129
42
127
125
160
39
46
49
49
44
44
39
41
88
41
122
41
42
220
86
41
45
43
42
43
44
47
93
40
41
85
41
42
50
40
39
96
131
39
84
255
44
41
42
42
40
47
42
86
44
83
49
87
44
46
40
84
45
82
41
83
40
52
47
66
40
42
41
91
40
117
79
163
38
43
118
40
42
42
40
41
39
58
65
37
44
37
41
41
45
41
167
38
82
42
44
37
36
37
100
43
39
78
55
83
79
39
42
40
38
89
40
78
78
88
82
38
40
42
39
46
43
38
79
39
40
88
39
42
38
212
39
44
39
41
42
50
42
81
37
43
39
45
37
42
42
39
39
43
124
39
90
40
38
52
38
45
89
38
38
46
40
40
38
41
76
46
38
80
37
41
95
58
61
281
38
41
37
39
38
50
165
38
87
42
39
79
120
46
120
40
38
40
45
61
38
54
40
51
38
46
39
78
42
40
38
41
83
78
38
39
38
44
40
40
41
78
46
49
41
46
41
39
90
98
81
42
42
91
159
42
83
41
94
349
38
39
81
38
38
41
40
39
77
41
42
122
39
38
77
85
40
40
117
84
171
103
38
85
42
40
39
167
41
76
37
75
45
44
38
39
79
59
39
38
164
166
77
39
44
85
39
45
39
84
41
86
42
81
126
63
39
39
38
39
79
46
39
40
40
123
48
80
37
40
39
210
42
38
128
118
39
38
87
41
76
41
39
103
75
39
36
80
37
47
38
41
48
101
42
87
38
78
39
139
41
40
40
40
117
85
80
40
39
39
167
39
76
47
78
81
99
38
44
39
39
40
70
40
376
40
42
39
50
38
40
38
40
164
39
46
40
39
41
38
41
39
38
38
41
40
85
80
40
42
44
43
44
44
38
40
41
39
38
53
83
141
167
41
86
78
45
44
40
40
40
86
40
62
39
41
43
41
41
42
44
81
43
40
194
44
39
41
42
84
50
42
44
45
85
89
40
46
41
42
42
46
45
48
82
45
44
48
45
130
40
38
38
43
49
41
40
77
38
41
77
38
40
43
43
224
121
39
41
120
39
38
41
162
39
40
39
37
82
65
45
42
39
41
81
42
45
40
38
40
127
44
166
38
38
39
40
45
77
83
45
57
65
134
39
118
51
56
40
41
40
43
40
49
125
45
39
44
41
90
43
82
42
44
50
41
45
121
136
42
43
40
42
41
46
81
43
42
43
39
39
50
85
40
82
41
49
41
41
128
40
173
82
46
68
83
43
41
43
42
87
51
82
43
41
82
50
46
41
42
44
41
82
85
84
40
46
88
41
129
82
51
39
83
83
60
79
147
82
87
43
50
84
42
42
41
45
52
42
121
85
53
82
42
42
42
120
90
41
40
42
41
50
122
84
89
87
39
174
86
44
40
82
44
93
42
124
43
52
44
38
40
82
96
40
42
83
81
44
39
43
43
43
41
44
43
97
40
49
41
80
92
43
42
39
41
134
44
41
40
42
219
127
163
94
44
42
40
41
62
51
84
42
60
40
116
37
41
80
39
37
38
46
40
79
82
39
46
49
120
76
89
42
43
38
38
124
39
42
43
79
44
45
42
40
40
40
86
122
42
41
78
42
40
226
38
44
38
39
39
44
38
88
42
38
40
42
39
39
46
39
127
52
38
97
47
92
78
46
46
40
42
81
40
38
47
211
130
42
172
165
90
39
42
42
47
40
48
46
39
38
40
41
203
110
43
77
85
79
39
40
38
40
45
42
39
42
50
39
37
84
81
39
42
77
41
124
48
95
45
87
40
42
39
42
48
38
39
38
41
132
38
78
39
107
51
46
39
39
51
39
38
92
38
124
123
42
38
41
124
85
39
215
39
44
50
79
41
40
43
43
48
79
38
85
38
59
38
85
40
38
42
90
42
39
40
81
42
47
46
39
82
40
40
44
38
44
39
41
135
41
42
79
43
77
43
44
51
40
41
172
40
89
41
41
84
42
38
43
80
39
48
82
41
87
90
41
42
39
40
85
48
42
69
42
63
89
116
44
39
40
40
220
40
44
79
49
38
39
40
39
43
41
48
42
83
82
80
138
41
39
42
41
50
44
43
38
165
40
42
39
45
129
38
43
54
40
45
45
40
48
40
40
41
39
47
43
50
39
44
42
170
42
43
46
86
37
49
45
38
82
42
79
101
78
94
39
63
77
38
82
41
123
53
42
37
38
90
41
47
78
41
39
55
78
91
40
43
52
118
39
37
393
41
39
47
77
79
40
41
86
41
44
39
39
39
42
39
39
42
39
41
37
37
87
39
39
113
85
39
39
43
45
47
44
40
40
51
129
38
83
79
39
44
40
46
42
43
47
37
39
85
180
43
88
45
48
77
40
39
86
48
47
39
41
38
39
43
40
38
43
39
40
44
56
100
65
39
39
39
39
43
49
43
81
169
170
39
97
45
83
46
39
41
40
40
87
87
127
40
86
44
88
50
45
45
41
40
40
40
100
83
43
39
45
42
48
42
41
162
50
41
82
41
41
40
94
42
94
101
307
122
133
41
53
187
84
47
40
40
83
112
90
42
41
42
40
38
95
88
40
41
39
92
109
84
105
41
51
41
80
86
116
44
79
41
41
84
42
94
41
44
41
49
56
153
200
63
51
42
40
43
42
41
42
131
42
43
39
42
168
41
49
53
47
71
43
40
40
40
85
77
90
79
78
44
57
39
85
36
38
82
38
39
38
49
48
50
85
40
84
38
43
174
41
50
87
55
115
119
46
82
47
115
40
83
115
39
47
52
126
82
44
133
82
78
88
41
38
40
42
92
49
43
45
52
42
48
42
54
43
81
38
47
41
51
40
40
84
105
59
107
39
40
121
89
169
39
48
39
82
42
43
40
135
41
39
80
40
87
42
163
55
83
83
41
43
92
40
44
45
42
47
45
41
41
44
129
88
51
44
82
48
40
87
81
99
111
68
46
84
67
38
43
48
48
39
44
39
54
40
57
45
50
41
120
44
91
83
47
38
82
78
156
82
38
45
121
45
119
41
40
51
47
38
38
39
39
37
56
37
137
115
80
84
46
40
40
39
88
39
77
39
42
38
48
39
80
38
44
159
39
81
56
70
49
65
81
39
44
39
46
41
88
45
111
51
93
162
101
80
40
182
42
40
41
39
44
86
65
53
46
43
81
58
198
117
44
78
43
59
82
48
42
131
41
40
91
126
93
41
50
83
178
89
39
89
43
84
42
88
40
47
77
50
43
38
79
81
50
40
79
76
40
54
41
41
43
42
41
39
131
39
85
133
84
120
37
48
87
59
38
44
41
41
43
45
120
42
42
47
40
39
118
45
86
82
80
84
38
39
44
46
43
44
42
95
86
48
39
45
50
42
123
41
178
40
83
39
39
38
42
125
38
43
49
88
39
62
39
42
44
40
41
79
38
40
48
38
43
41
79
40
135
38
41
76
41
47
81
42
43
79
130
39
38
38
39
80
38
40
39
41
58
42
84
40
40
44
40
41
51
41
43
38
43
77
49
79
38
39
40
44
39
45
39
39
79
39
84
122
38
76
43
41
38
78
38
40
39
36
36
36
42
79
43
45
40
41
41
40
82
45
40
38
38
39
39
40
85
39
46
39
77
38
44
39
37
79
38
39
49
80
85
122
39
38
40
41
119
38
38
40
38
40
40
244
128
39
41
41
39
38
42
47
39
46
87
41
40
38
47
41
41
117
39
88
40
36
39
38
40
86
37
84
75
38
77
82
115
46
43
41
39
40
38
37
49
40
92
40
40
94
41
41
42
44
39
41
42
49
41
41
85
44
58
47
44
41
81
41
48
52
42
42
42
40
40
44
105
39
41
40
39
44
186
41
40
42
91
38
42
42
40
40
40
51
40
38
44
120
46
53
39
40
127
40
50
42
43
89
135
41
87
85
48
62
42
43
88
87
180
48
42
41
40
48
81
42
45
45
96
42
41
43
40
39
41
42
50
42
43
43
42
85
100
45
42
86
40
48
166
86
41
167
45
143
43
41
43
133
103
90
44
43
40
173
40
40
40
130
44
184
52
84
40
44
83
96
41
43
40
41
41
82
39
40
41
42
39
43
89
40
85
40
91
41
80
40
39
45
49
39
40
40
125
87
40
42
41
47
64
43
47
40
40
80
42
38
88
39
78
122
241
65
51
53
82
126
82
46
157
79
50
42
87
42
40
41
40
48
40
39
42
40
78
49
39
82
41
40
40
50
82
41
40
43
42
39
84
41
43
40
42
92
81
39
41
81
87
39
41
88
39
52
43
42
113
107
41
42
84
37
41
38
85
84
80
121
45
77
118
40
38
37
38
42
50
38
39
45
123
38
78
84
39
115
44
38
47
81
122
126
40
119
41
38
84
80
65
81
49
40
76
42
39
41
83
77
40
161
41
40
125
40
46
38
75
37
37
42
45
39
75
39
41
42
38
48
41
39
86
41
44
49
81
48
204
40
41
79
87
84
39
