306
36
61
94
42
119
40
45
71
36
80
74
51
78
62
174
79
52
39
35
47
36
35
40
129
37
76
39
39
45
77
56
40
37
38
73
39
49
40
65
39
37
51
43
45
38
39
89
84
62
48
100
49
119
65
36
45
89
85
51
98
39
39
37
41
41
83
36
60
167
39
40
38
55
38
37
48
36
76
36
38
36
64
43
52
72
37
37
36
43
45
42
38
44
184
44
51
38
36
75
75
47
129
40
36
42
38
40
128
51
89
44
89
81
76
39
37
37
121
36
132
125
37
38
36
170
76
53
36
40
42
38
48
40
44
52
90
41
37
39
38
71
77
38
77
60
37
40
47
205
39
37
88
38
37
37
36
307
38
83
37
37
45
36
46
77
38
41
51
86
54
130
88
37
153
95
75
37
39
38
36
45
45
80
37
84
50
36
38
41
41
38
38
45
37
119
42
37
46
57
84
36
36
39
39
51
40
39
38
45
39
88
157
81
38
40
36
37
77
37
40
89
39
40
81
40
61
42
44
38
45
46
41
52
40
47
40
37
38
76
48
40
36
41
38
82
50
51
79
76
82
39
40
67
39
37
42
48
37
48
54
76
46
43
85
41
47
39
44
42
50
39
37
44
40
40
85
36
41
36
44
37
79
47
39
39
78
39
40
58
39
53
39
37
37
83
39
75
40
78
57
49
154
41
39
55
36
34
74
71
41
48
35
38
38
39
37
43
75
154
42
38
34
45
37
36
34
39
36
36
59
35
82
79
38
120
40
75
77
101
36
36
38
82
83
38
37
40
39
154
161
44
37
47
39
39
38
42
39
81
48
83
119
38
63
39
86
38
175
113
40
44
37
43
47
40
75
38
37
48
39
77
46
37
43
86
46
53
40
63
112
38
134
39
37
43
44
43
39
97
37
44
147
39
86
172
78
39
46
80
77
37
38
35
45
45
78
38
77
89
37
43
42
128
86
79
39
43
82
55
103
37
41
39
54
47
40
44
38
38
36
85
54
41
41
45
80
72
36
119
74
37
82
53
38
35
39
36
41
35
37
36
78
36
76
38
81
35
36
78
36
35
35
43
41
50
47
39
45
40
37
44
43
40
35
37
35
40
34
35
73
35
36
38
156
72
34
36
38
39
48
38
35
35
36
35
38
42
113
36
71
36
49
37
46
111
134
40
34
37
49
125
40
39
39
38
41
35
118
143
42
42
62
66
39
44
39
45
38
46
34
104
82
105
75
37
47
84
37
44
42
38
37
37
42
38
46
49
37
37
74
38
50
75
40
37
44
38
74
38
38
119
89
34
38
45
80
103
48
38
112
44
126
37
39
102
79
54
46
42
42
83
37
42
59
36
39
77
37
40
61
43
36
37
37
40
44
43
38
78
45
40
37
36
43
38
38
37
38
38
37
43
41
76
40
41
86
36
50
36
37
38
34
40
45
75
35
37
99
50
41
79
37
38
36
44
44
37
46
37
86
119
40
44
42
39
37
125
38
35
118
37
41
38
37
38
37
44
39
36
37
77
39
37
122
43
36
38
36
44
37
37
76
74
45
36
44
38
109
36
39
74
38
37
42
79
44
37
40
37
75
43
34
41
36
50
36
39
48
56
38
39
43
42
77
50
36
38
38
37
37
40
43
40
36
74
35
35
44
41
36
39
39
231
39
79
74
45
36
39
35
75
38
44
41
37
84
35
39
43
40
39
37
39
42
42
39
50
36
118
35
41
126
74
36
40
44
39
121
39
37
37
38
39
35
38
73
39
82
41
50
47
47
45
45
47
38
45
36
51
36
84
400
38
57
46
37
38
38
86
39
54
40
72
86
37
42
49
46
78
38
38
36
126
76
45
168
38
48
38
36
38
49
38
39
39
74
52
46
38
39
120
50
43
49
38
39
38
129
50
41
139
39
37
137
39
39
39
42
37
50
86
37
44
43
39
40
81
81
42
79
46
36
77
40
37
41
51
74
42
38
57
51
38
51
79
45
43
74
129
74
36
41
48
40
44
36
37
38
37
37
40
38
38
40
117
50
131
55
48
36
82
84
85
38
39
44
43
37
39
41
44
40
37
39
43
38
38
81
37
38
268
46
38
77
37
37
72
37
36
74
53
39
78
38
38
42
47
74
45
39
36
36
37
36
41
84
80
37
36
38
50
49
37
72
38
44
120
38
83
38
41
49
39
36
39
121
42
36
37
38
40
38
38
48
46
38
36
209
36
40
40
39
39
35
50
49
38
75
41
37
39
43
36
37
74
40
42
44
79
37
38
36
37
44
36
45
37
45
37
35
40
40
53
39
36
37
38
39
46
42
37
37
37
37
56
51
38
41
81
36
39
53
112
38
40
84
52
84
38
37
37
73
45
37
41
44
39
37
39
91
39
48
42
39
124
81
39
37
38
88
36
39
38
37
45
83
40
78
37
39
39
44
167
38
37
36
81
37
37
78
41
61
39
39
45
37
38
37
45
118
81
42
87
37
37
81
37
38
48
37
38
81
39
216
41
42
41
45
37
39
48
38
42
38
39
56
37
80
37
126
38
38
121
87
42
38
39
39
276
39
34
37
77
43
37
42
35
34
64
36
36
37
77
36
41
42
37
34
37
84
35
40
78
37
82
34
43
36
36
37
36
73
56
35
36
48
40
39
37
49
81
36
42
36
37
42
48
36
36
41
37
36
37
45
40
78
37
64
37
39
55
52
38
77
39
166
83
37
44
38
54
46
37
38
36
143
40
36
37
45
42
38
36
35
40
37
40
47
38
38
49
35
40
39
46
37
37
44
77
73
118
41
36
37
37
75
84
49
65
46
40
40
55
44
44
218
37
44
40
34
45
38
49
40
77
47
45
102
43
70
159
52
42
77
38
41
91
77
40
40
83
156
62
38
35
36
51
39
38
37
51
42
72
44
39
43
79
66
44
52
84
39
47
74
39
43
46
45
47
39
83
43
96
40
37
40
40
54
37
43
38
38
58
42
47
101
77
39
40
85
45
43
37
36
37
38
38
44
37
41
75
74
44
40
37
36
39
39
37
37
38
38
80
47
46
79
74
35
37
36
81
45
35
36
35
36
39
45
72
45
35
35
72
45
86
83
40
144
74
36
227
114
61
34
83
36
39
37
81
35
44
38
55
89
39
84
36
71
37
48
36
44
47
44
38
37
36
116
39
36
37
37
73
136
55
39
36
115
79
39
42
35
37
36
35
36
34
36
71
76
96
34
69
35
40
35
70
116
40
75
69
37
37
50
76
46
82
71
44
35
35
41
49
72
42
40
39
35
39
38
45
37
35
35
36
49
38
147
53
53
122
43
38
41
40
42
36
34
49
34
52
72
35
40
85
37
43
38
64
37
42
82
39
41
35
78
65
37
87
37
104
40
38
40
47
38
37
38
40
85
38
76
58
37
53
40
41
40
76
36
54
121
80
41
37
45
39
36
50
38
78
46
39
36
80
43
73
44
37
76
38
120
41
37
38
80
39
42
91
37
37
82
37
98
48
39
40
41
37
46
40
38
39
45
78
37
38
47
39
37
58
47
42
99
48
37
37
219
40
38
85
52
38
75
41
40
42
40
38
85
40
41
38
38
38
43
51
37
40
44
43
37
36
50
80
42
77
52
38
44
74
133
50
41
36
45
38
124
44
37
39
45
36
80
38
51
36
38
44
48
74
49
43
40
41
50
46
36
45
38
48
37
44
45
86
109
132
35
43
38
47
42
171
37
76
34
61
37
42
85
38
37
71
40
38
38
40
77
37
40
85
36
36
71
41
43
37
75
35
38
50
42
41
38
36
37
34
38
40
46
114
48
82
80
43
86
35
78
97
38
316
83
44
41
53
38
36
40
34
53
78
36
37
137
78
79
73
40
69
43
37
41
74
36
36
78
81
43
36
36
162
74
35
37
71
37
54
35
132
47
38
40
50
78
40
50
73
46
36
80
35
42
38
40
53
72
44
81
47
38
35
60
48
78
42
37
74
42
37
81
35
74
37
37
35
41
38
37
47
36
44
40
39
82
40
38
44
124
74
47
46
79
38
85
36
36
49
43
78
35
39
84
48
41
41
42
42
35
43
35
39
38
36
40
39
53
50
40
43
38
43
44
40
55
72
38
38
39
62
44
72
48
40
40
36
45
60
71
235
80
41
36
39
37
45
36
39
79
86
66
129
36
40
38
73
49
37
36
74
74
49
39
37
39
43
72
47
37
38
38
109
82
44
42
43
39
35
77
38
44
42
36
36
81
38
82
40
39
36
41
81
37
35
35
37
74
76
75
35
40
72
43
40
36
44
141
43
34
37
112
36
41
36
37
37
39
76
33
41
35
40
35
124
43
36
39
37
36
36
58
40
37
237
72
59
35
91
37
73
35
37
36
42
35
37
39
36
44
41
87
35
82
35
38
45
37
80
39
41
36
35
42
51
38
72
36
37
41
86
37
36
35
35
40
39
79
70
109
35
45
75
41
38
116
35
71
80
37
74
36
35
48
40
43
39
72
35
74
41
37
38
71
38
36
44
39
51
39
38
39
40
46
45
38
40
37
80
77
37
87
42
37
86
87
38
43
38
43
46
85
40
46
77
47
38
40
43
38
40
45
87
40
49
76
43
40
94
38
42
75
39
46
37
104
82
37
38
40
47
38
39
37
75
48
37
68
37
37
39
40
43
36
39
39
38
39
39
46
39
115
39
38
39
132
56
39
140
51
39
42
43
40
38
94
44
37
38
82
38
47
75
41
89
38
47
39
42
46
42
39
37
48
39
55
40
38
36
83
39
41
36
80
36
39
53
39
44
40
41
40
80
36
80
39
36
38
43
40
40
39
37
38
38
39
37
36
79
40
39
44
44
78
37
36
37
37
44
38
42
51
36
78
46
40
40
38
38
43
41
38
65
48
44
46
36
37
38
43
38
37
36
38
35
83
45
77
115
41
36
37
83
35
37
36
43
47
39
36
75
38
51
110
36
75
45
38
73
37
93
36
45
42
39
82
37
49
94
45
76
81
69
44
38
43
36
38
37
49
39
38
39
42
38
77
83
42
38
37
121
38
39
47
43
40
41
46
48
41
86
39
76
85
39
38
38
78
48
38
38
39
132
50
38
39
47
40
41
38
38
39
38
38
39
56
36
39
45
51
38
38
44
43
92
84
37
41
76
43
41
41
106
45
38
45
42
114
94
40
48
40
37
36
36
40
39
170
37
149
34
38
35
49
39
38
92
37
80
37
80
37
36
47
43
37
42
82
75
37
72
41
92
75
38
41
40
37
46
38
34
38
45
35
37
46
36
35
37
37
43
40
87
38
38
37
46
38
86
37
41
65
40
38
67
63
44
38
128
38
82
38
46
38
37
37
36
81
75
43
37
36
52
110
39
76
43
37
36
39
35
37
37
73
37
76
36
37
38
49
78
40
37
114
71
41
75
41
45
38
90
40
38
37
40
86
46
39
78
124
37
115
39
45
38
91
43
37
49
36
38
40
36
82
39
39
84
46
38
40
46
87
76
117
42
91
40
37
35
37
121
36
123
43
43
42
36
113
37
37
55
73
36
39
45
38
78
40
36
36
81
36
45
36
35
38
85
40
61
40
40
36
72
82
36
37
150
36
48
36
110
36
39
44
43
35
37
35
116
34
36
35
37
40
35
80
35
35
52
37
39
36
41
37
72
36
38
37
48
41
73
35
37
77
38
36
36
36
83
37
42
119
36
35
37
43
37
38
35
36
72
46
39
37
40
35
38
78
35
37
38
38
51
37
36
57
120
36
42
37
42
37
35
35
39
38
37
54
39
42
38
75
76
93
42
40
34
38
37
44
45
39
74
37
39
39
53
73
37
76
42
41
38
36
39
40
83
78
35
37
46
113
64
37
37
38
37
91
49
35
112
38
130
36
80
71
37
43
38
36
44
38
38
36
81
86
39
40
36
36
36
38
84
72
36
38
45
36
36
38
41
36
39
48
42
39
45
39
38
39
46
39
75
39
40
41
43
83
78
38
37
121
36
39
36
39
131
41
43
38
76
38
79
36
36
76
83
77
77
175
39
39
36
216
45
37
41
79
49
74
43
61
139
74
40
40
35
74
47
38
39
41
38
51
43
37
38
40
38
39
40
39
37
48
37
77
77
78
40
47
43
76
78
41
46
40
38
41
40
82
41
55
39
36
79
39
37
48
45
87
39
80
93
38
43
48
41
42
45
37
37
76
39
44
41
54
38
40
82
38
93
35
38
74
50
87
38
39
41
127
48
83
49
36
52
125
57
38
40
38
40
39
46
78
39
37
41
42
40
37
40
40
38
39
58
47
50
74
41
131
40
42
94
83
38
38
42
49
40
39
45
46
39
38
37
45
41
37
37
39
42
38
46
77
76
79
51
37
105
40
37
38
85
38
119
83
46
40
41
37
39
73
86
113
37
83
79
47
76
37
46
47
36
74
49
37
89
43
41
164
84
39
37
38
46
37
38
39
38
37
37
38
74
57
40
79
74
37
93
40
76
39
37
144
38
39
39
39
86
41
115
46
44
47
40
42
39
38
37
39
46
37
39
38
38
74
38
39
42
40
37
75
38
52
39
47
36
45
40
37
98
112
36
38
88
37
42
41
37
37
42
88
41
37
42
45
37
83
41
43
37
39
38
85
45
39
78
72
80
37
113
36
44
35
58
38
75
37
41
76
36
41
35
36
43
38
37
48
35
40
34
77
40
37
42
35
42
48
41
39
35
35
36
39
78
35
70
39
36
37
34
39
37
36
38
35
38
40
41
78
71
36
35
45
37
36
38
77
116
38
32
79
43
38
43
159
38
91
176
37
74
38
41
70
37
39
54
35
38
40
76
46
41
39
41
43
78
49
42
38
72
78
37
41
98
63
40
39
42
44
197
38
38
57
57
35
81
36
35
77
37
36
39
120
43
71
80
39
72
36
75
38
177
39
80
36
44
50
84
43
40
36
42
82
36
46
74
39
38
107
121
117
49
43
325
63
37
37
42
82
72
38
46
48
37
38
39
83
38
39
98
40
36
36
116
44
77
53
40
45
39
47
85
39
43
72
86
37
40
43
40
40
36
52
47
36
35
36
38
37
99
36
41
40
41
116
100
52
37
77
94
76
36
37
50
80
88
141
40
43
35
36
49
38
77
34
92
74
95
39
52
39
38
121
68
39
101
61
98
37
74
36
38
40
41
43
133
38
36
39
50
51
36
48
43
37
83
36
50
43
127
37
36
37
37
84
43
38
37
105
42
116
36
47
50
46
35
37
38
88
81
37
38
41
74
39
36
84
46
38
37
36
40
52
56
36
64
137
145
65
66
71
61
71
59
72
60
65
43
42
42
37
47
43
35
35
35
35
42
40
47
40
39
81
38
43
40
81
41
39
41
44
39
46
39
49
40
40
83
47
42
84
38
43
41
87
80
39
55
43
41
49
40
36
39
75
39
86
40
40
40
50
40
44
45
40
80
51
39
40
39
48
42
81
41
44
45
39
132
83
45
45
41
41
127
40
48
38
40
48
85
84
48
39
39
81
39
37
44
76
42
44
41
43
113
41
47
55
119
40
39
39
44
79
87
41
40
42
43
49
44
52
39
39
46
41
39
40
44
50
42
82
39
41
42
46
80
42
39
65
212
40
49
39
87
49
39
207
40
51
41
41
100
58
41
41
42
121
46
52
42
40
140
66
43
40
39
50
133
50
40
39
40
81
41
44
42
39
42
38
41
88
41
40
80
41
58
39
49
41
41
42
88
45
96
40
82
42
40
95
92
39
41
90
65
123
51
40
85
49
42
39
39
92
41
92
41
40
126
44
60
56
49
44
41
162
41
54
81
43
96
43
42
42
41
49
41
47
51
83
41
88
51
41
38
150
38
51
91
41
45
41
40
51
47
53
43
42
41
41
43
90
95
85
41
39
44
42
46
48
50
127
40
42
40
85
47
89
41
220
124
112
88
86
45
38
44
41
44
46
81
126
40
45
46
81
39
80
40
91
122
55
80
96
37
38
124
39
49
39
39
79
40
91
72
84
39
42
40
42
46
38
42
45
42
39
67
46
38
80
122
51
38
42
41
37
40
40
41
42
78
40
39
88
48
39
80
81
92
77
39
39
45
39
47
39
39
40
41
118
44
47
79
37
43
51
127
47
40
41
40
46
47
42
39
38
38
78
43
42
80
40
43
39
40
66
38
147
95
94
40
207
51
79
80
51
86
43
40
80
43
135
86
42
46
84
49
121
93
79
37
47
83
43
49
83
89
84
80
38
47
122
43
39
92
84
79
39
147
43
46
41
45
45
46
50
42
97
39
44
53
57
82
45
46
89
47
90
40
46
42
86
43
62
85
128
96
46
93
42
42
89
46
86
45
40
51
44
52
52
60
42
43
44
41
141
84
47
44
44
55
47
130
42
52
43
88
45
41
41
41
91
41
40
41
46
42
43
147
86
44
44
92
52
41
108
134
84
39
41
44
41
50
41
91
84
93
45
68
72
85
45
42
84
41
84
132
51
49
46
57
81
42
49
83
40
42
40
43
144
41
41
82
42
49
41
82
53
83
150
42
42
41
50
50
170
51
85
96
87
46
45
44
91
131
41
102
119
43
43
43
84
51
86
116
101
91
118
47
89
77
42
130
43
84
48
82
51
44
84
90
44
40
52
44
43
44
40
47
43
48
86
44
41
42
100
41
43
42
45
96
103
42
41
41
83
45
50
42
43
50
40
57
41
48
42
44
46
43
43
46
53
167
40
85
45
56
81
42
44
71
109
42
42
83
42
41
94
41
40
39
40
44
54
40
41
39
40
129
46
55
82
41
41
41
47
45
41
87
43
135
42
43
39
42
40
41
77
122
82
86
47
38
39
39
40
47
41
78
41
81
60
41
124
41
43
40
48
49
41
41
41
51
40
51
85
41
83
87
121
39
44
40
42
83
44
41
121
48
52
39
40
94
41
48
85
40
51
90
50
40
46
46
42
42
82
65
83
40
39
43
39
91
43
41
41
40
44
50
56
99
42
81
82
42
42
41
84
42
52
44
44
43
42
43
40
48
41
42
86
40
41
48
42
42
42
39
41
42
41
149
86
87
49
40
42
39
41
43
40
57
40
40
38
40
39
80
39
38
82
79
41
47
39
38
40
40
42
41
48
83
40
39
40
83
39
41
39
40
80
40
44
43
49
44
41
38
42
45
214
99
40
38
41
43
49
39
83
40
39
40
89
39
87
43
42
41
289
37
45
49
79
40
127
41
49
46
40
93
39
47
48
43
40
43
39
42
48
53
54
91
41
44
47
44
46
48
43
42
164
58
42
44
42
83
92
39
42
41
42
39
49
57
40
41
42
101
51
123
127
180
40
41
95
41
99
56
92
83
44
41
52
59
113
53
50
44
41
43
39
94
89
135
40
41
83
40
48
42
94
41
54
40
47
47
41
79
123
49
84
43
41
93
98
42
84
39
41
91
41
134
44
40
39
83
83
41
45
51
58
40
40
38
95
44
39
83
38
42
42
90
162
40
40
95
41
41
43
80
47
41
39
45
58
42
91
39
40
40
57
41
43
106
43
40
74
40
40
41
48
40
84
44
40
39
49
48
41
47
53
87
86
39
41
39
42
41
125
81
40
42
87
44
45
42
79
42
47
85
44
39
121
53
41
39
39
45
43
40
52
41
39
42
84
39
49
41
39
41
44
63
43
48
41
40
41
39
53
84
54
39
41
46
41
41
43
49
42
44
39
43
83
47
40
40
41
42
41
40
42
42
48
110
67
93
46
39
81
41
42
41
132
41
44
39
93
42
45
82
41
41
42
47
100
40
40
39
45
87
56
40
41
40
48
51
42
41
41
41
58
98
41
40
51
41
122
64
53
82
122
50
39
41
84
41
125
42
68
43
41
40
41
57
116
40
42
81
47
46
174
129
83
40
39
42
42
82
39
40
45
44
44
52
245
88
49
39
42
42
40
90
41
42
41
93
43
86
121
90
48
40
45
95
88
49
42
40
86
97
41
45
41
47
38
41
83
59
48
53
41
42
38
43
85
40
41
39
41
44
40
48
41
43
40
39
43
40
48
75
42
120
83
47
82
45
40
41
42
59
41
40
43
94
164
41
40
40
42
40
51
83
95
38
41
50
41
41
49
41
52
52
146
50
42
45
46
95
82
91
59
41
93
41
49
44
42
44
58
42
43
42
41
40
46
44
44
46
81
43
78
48
151
43
66
106
46
45
143
135
39
42
78
126
46
39
41
39
40
42
89
41
82
79
44
46
46
44
39
45
38
40
40
40
83
39
44
40
39
46
41
147
40
41
90
40
41
41
80
44
53
41
39
43
79
54
42
78
40
131
42
41
41
83
42
42
40
42
40
46
41
43
43
91
81
39
78
38
43
43
50
67
43
42
40
82
98
41
42
40
40
41
41
46
42
38
41
42
50
39
41
45
81
38
43
43
41
49
55
85
42
39
108
40
41
45
40
54
46
43
40
46
43
85
41
42
51
43
42
44
47
61
42
60
41
42
42
43
43
56
116
40
80
76
86
47
42
149
113
57
48
113
66
56
44
40
77
41
91
40
42
42
45
45
40
41
40
43
40
81
39
59
41
40
42
41
170
81
97
41
52
39
40
50
39
44
40
41
48
47
40
39
41
172
41
125
40
41
91
41
253
41
72
46
48
84
41
51
81
46
40
86
48
42
42
44
41
40
91
39
46
41
84
40
39
47
40
84
85
52
47
95
45
44
42
87
78
40
41
47
82
40
41
41
38
40
41
126
41
39
40
38
40
67
46
86
38
85
137
41
41
39
47
70
46
49
143
53
43
41
50
43
43
47
41
43
91
43
135
44
44
41
42
129
48
41
43
48
43
42
42
42
41
50
52
42
122
40
134
54
40
43
41
42
41
129
42
41
42
42
40
132
42
45
44
46
50
48
97
44
43
42
42
83
42
43
91
96
44
42
48
85
42
98
91
42
176
124
40
41
42
95
45
43
41
48
92
179
42
44
53
43
72
41
41
41
86
90
79
80
41
48
40
43
122
88
124
41
43
39
62
40
41
39
124
74
89
40
41
47
44
41
49
41
42
43
83
43
84
42
46
183
138
46
123
50
48
51
43
40
40
85
45
254
94
105
41
39
41
45
41
77
79
40
46
98
42
62
43
53
65
42
44
40
45
87
122
72
41
51
49
42
67
48
81
40
104
58
42
44
38
79
50
87
53
40
42
47
42
41
45
41
39
81
78
46
43
41
43
39
53
38
44
51
39
40
81
40
42
95
43
78
82
59
42
42
41
44
41
123
80
78
39
87
81
41
42
84
45
45
52
40
77
44
45
80
83
40
41
44
39
42
58
40
39
40
39
39
41
91
39
81
46
43
40
44
93
86
42
41
49
41
40
99
41
160
41
39
47
39
39
38
38
40
36
50
40
40
40
45
50
39
48
39
79
38
40
98
39
39
40
46
41
37
43
41
130
38
39
39
127
39
40
39
39
45
83
38
81
41
44
40
49
40
44
84
41
51
48
85
42
54
47
42
48
41
41
168
40
80
42
40
50
43
175
42
46
81
48
42
45
40
42
176
86
43
41
42
41
48
44
85
63
42
131
39
40
41
80
46
41
82
81
89
39
41
39
44
89
87
41
41
42
87
40
54
43
51
42
41
48
45
47
45
127
62
78
90
43
40
81
100
42
41
38
41
44
94
42
41
43
42
282
148
79
40
47
40
48
40
78
42
80
49
41
41
41
42
80
54
42
43
41
39
41
42
41
45
40
41
123
37
49
91
125
41
52
39
43
44
39
42
41
42
42
42
130
40
41
53
82
143
93
40
41
38
124
90
80
46
81
42
46
46
41
93
39
42
132
42
42
42
41
48
166
41
38
42
80
40
40
85
42
48
85
40
61
42
65
47
53
80
39
91
95
43
40
123
41
48
44
82
91
45
40
86
40
47
41
173
48
40
41
44
42
41
85
81
80
53
49
44
43
41
43
43
40
51
54
41
135
41
48
41
81
45
40
40
135
55
45
83
42
51
84
40
50
42
45
52
43
52
43
44
81
44
89
44
41
88
41
51
44
50
41
41
43
44
50
45
41
49
85
41
48
130
42
42
43
42
47
44
48
42
43
109
50
42
103
45
40
54
42
51
42
50
46
91
87
41
39
87
84
55
54
40
82
124
47
43
39
40
41
86
49
42
41
39
42
41
81
90
86
38
48
41
53
43
80
49
80
49
41
174
40
39
40
85
83
52
40
91
39
48
44
43
53
46
42
48
171
49
40
47
38
94
82
47
81
45
57
81
117
80
41
40
39
96
40
50
45
42
40
40
